0,278
111,4
111,3
111,2
0,9
111,1
111,0
110,35
10,5
10,287
10,76
10,19
10,296
10,101
10,2
10,3
11,22
11,18
9,7
9,6
9,1
9,4
9,3
8,14
8,12
8,13
8,15
106,4
106,3
106,2
106,1
106,0
104,3
104,2
104,1
104,0
101,3
101,2
101,1
101,0
25,3
25,2
25,1
20,3
20,2
20,1
19,2
12,3
19,1
12,2
19,3
12,1
11,29
11,28
11,27
11,26
11,25
11,24
11,23
11,21
11,20
11,19
11,17
11,16
11,15
11,14
11,13
11,12
11,11
11,10
11,9
11,8
11,6
11,5
11,3
11,2
11,1
10,313
10,311
10,309
10,300
10,299
10,293
10,284
10,277
10,276
10,273
10,264
10,254
10,251
10,250
10,240
10,235
10,229
10,226
10,219
10,218
10,212
10,211
10,209
10,208
10,199
10,189
10,188
10,185
10,175
10,174
10,171
10,165
10,163
10,161
10,157
10,156
10,153
10,143
10,132
18,1
10,117
18,3
10,115
10,103
